fname,lname,age,G,PA,AB,R,H,2B,3B,HR,RBI,SB,CS,BB,SO,BA,OBP,SLG,OPS,TB,GDP,HBP,SH,SF,IBB
Nagisa,Arakaki,35,15,24,20,1,4,1,0,0,2,0,0,1,7,.200,.238,.250,.488,5,1,0,3,0,0
Takahiro,Araki,27,73,196,170,21,43,8,0,2,12,5,3,16,30,.253,.319,.335,.654,57,3,1,8,1,0
Wladimir,Balentien,30,15,52,43,4,8,2,0,1,6,0,0,9,14,.186,.327,.302,.629,13,1,0,0,0,0
Tony,Barnette,31,59,1,1,0,0,0,0,0,0,0,0,0,1,.000,.000,.000,.000,0,0,0,0,0,0
Mitch,Dening,26,64,227,194,13,43,12,0,4,22,0,1,23,43,.222,.326,.345,.671,67,2,8,0,2,1
Ryota,Fujii,26,13,38,34,5,6,1,0,0,2,0,1,2,13,.176,.222,.206,.428,7,1,0,2,0,0
Masato,Furuno,28,27,14,10,1,1,0,0,0,2,0,0,2,6,.100,.231,.100,.331,1,0,0,1,1,0
Kazuhiro,Hatakeyama,32,137,584,512,64,137,26,0,26,105,0,0,62,92,.268,.344,.471,.815,241,10,2,0,8,0
Wataru,Hiyane,28,84,240,209,42,48,6,0,3,9,6,2,17,38,.230,.300,.301,.601,63,2,4,10,0,0
Yasushi,Iihara,32,18,34,32,2,7,1,0,0,3,0,0,1,9,.219,.235,.250,.485,8,1,0,0,1,0
Takahiro,Imanami,30,68,139,123,13,39,8,0,2,13,1,0,12,14,.317,.375,.431,.806,53,1,0,3,1,0
Masanori,Ishikawa,35,25,47,38,2,7,0,0,0,1,0,0,2,13,.184,.225,.184,.409,7,1,0,7,0,0
Taichi,Ishiyama,26,21,33,29,0,0,0,0,0,0,0,0,0,13,.000,.000,.000,.000,0,2,0,4,0,0
Shingo,Kawabata,27,143,631,581,87,195,34,1,8,57,4,3,43,72,.336,.383,.439,.822,255,15,3,2,2,0
Nariaki,Kawasaki,29,13,12,11,1,1,0,0,0,0,0,0,1,1,.091,.167,.091,.258,1,0,0,0,0,0
Jun,Matsui,27,7,13,12,1,2,0,0,0,0,0,0,0,3,.167,.231,.167,.397,2,0,1,0,0,0
Yuichi,Matsumoto,34,39,51,47,1,8,2,0,0,5,0,0,3,5,.170,.216,.213,.428,10,1,0,0,1,0
Lastings,Milledge,30,24,81,76,3,16,2,1,1,9,0,2,5,16,.211,.259,.303,.562,23,1,0,0,0,0
Masayoshi,Miwa,31,87,102,86,13,20,1,2,0,7,4,2,9,23,.233,.302,.291,.593,25,1,0,6,1,0
Ryosuke,Morioka,30,75,125,112,10,21,2,1,1,9,1,1,8,22,.188,.246,.250,.496,28,6,1,3,1,0
Yuhei,Nakamura,25,136,502,442,36,102,14,0,2,33,3,2,40,80,.231,.299,.276,.575,122,9,4,14,2,1
Yoshihisa,Naruse,29,14,26,24,0,4,1,0,0,0,0,0,0,8,.167,.167,.208,.375,5,0,0,2,0,0
Akihisa,Nishida,23,13,40,34,1,5,1,0,1,2,0,0,3,11,.147,.216,.265,.481,9,1,0,3,0,0
Naomichi,Nishiura,24,26,48,44,9,13,3,1,1,5,1,0,3,12,.295,.340,.477,.818,21,0,0,1,0,0
Keiji,Obiki,31,96,347,311,25,70,18,1,5,41,6,3,27,56,.225,.287,.338,.625,105,5,1,6,2,0
Yasuhiro,Ogawa,25,27,57,46,4,5,0,0,1,4,0,0,4,24,.109,.180,.174,.354,8,0,0,7,0,0
Orlando,Roman,36,61,5,5,0,0,0,0,0,0,0,0,0,0,.000,.000,.000,.000,0,0,0,0,0,0
Toshihiro,Sugiura,23,7,12,11,0,0,0,0,0,0,0,0,0,7,.000,.000,.000,.000,0,1,0,1,0,0
Yuhei,Takai,31,141,585,551,57,149,33,4,8,60,7,4,27,82,.270,.307,.388,.695,214,7,3,1,3,1
Shinichi,Takeuchi,31,51,71,66,5,13,2,0,0,3,0,0,4,15,.197,.243,.227,.470,15,1,0,1,0,0
Hiroyasu,Tanaka,33,82,151,134,13,27,3,1,1,11,3,0,11,18,.201,.272,.261,.533,35,4,2,4,0,0
Masahiko,Tanaka,33,6,4,4,0,0,0,0,0,0,0,0,0,1,.000,.000,.000,.000,0,0,0,0,0,0
Shohei,Tateyama,34,11,20,15,2,3,0,0,1,3,0,0,2,9,.200,.294,.400,.694,6,0,0,3,0,0
Takeaki,Tokuyama,25,39,3,2,0,0,0,0,0,1,0,0,1,1,.000,.333,.000,.333,0,1,0,0,0,0
Tsuyoshi,Ueda,26,82,238,209,18,55,2,2,1,19,8,1,14,29,.263,.313,.306,.619,64,5,2,11,2,0
Ryota,Yachi,24,4,6,6,1,3,1,0,0,0,0,0,0,1,.500,.500,.667,1.167,4,0,0,0,0,0
Ryosuke,Yagi,24,2,2,2,0,0,0,0,0,0,0,0,0,1,.000,.000,.000,.000,0,0,0,0,0,0
Tetsuto,Yamada,22,143,646,557,119,183,39,2,38,100,34,4,81,111,.329,.416,.610,1.027,340,11,5,0,3,1
Hirofumi,Yamanaka,29,9,15,14,0,2,0,0,0,1,0,0,0,8,.143,.143,.143,.286,2,2,0,1,0,0
